//===== Fake Player mob_db2 Append V4 ========================
//= Append this block to db/mob_db2.txt ONCE only.
//= IDs are dynamically selected from free range 2000-2999.
// START FAKE PLAYER MOB DB2 V4
2000,FAKE_SWD_2000,Swordman,Swordman,28,200000,0,0,0,1,1,1,1,1,1,1,1,1,1,1,10,12,0,7,20,0x81,180,1000,500,500,0,0,0,0,0,0,0,0,0,0,0,0,0,0,0,0,0,0,0,0,0,0,0,0,0,0,0,0
2001,FAKE_SWD_2001,Swordman,Swordman,30,200000,0,0,0,1,1,1,1,1,1,1,1,1,1,1,10,12,0,7,20,0x81,180,1000,500,500,0,0,0,0,0,0,0,0,0,0,0,0,0,0,0,0,0,0,0,0,0,0,0,0,0,0,0,0
2002,FAKE_MAGE_2002,Mage,Mage,23,200000,0,0,0,1,1,1,1,1,1,1,1,1,1,1,10,12,0,7,20,0x81,180,1000,500,500,0,0,0,0,0,0,0,0,0,0,0,0,0,0,0,0,0,0,0,0,0,0,0,0,0,0,0,0
2003,FAKE_MAGE_2003,Mage,Mage,99,500000,0,0,0,1,1,1,1,1,1,1,1,1,1,1,10,12,0,7,20,0x81,180,1000,500,500,0,0,0,0,0,0,0,0,0,0,0,0,0,0,0,0,0,0,0,0,0,0,0,0,0,0,0,0
2004,FAKE_ARC_2004,Archer,Archer,50,200000,0,0,0,1,1,1,1,1,1,1,1,1,1,1,10,12,0,7,20,0x81,180,1000,500,500,0,0,0,0,0,0,0,0,0,0,0,0,0,0,0,0,0,0,0,0,0,0,0,0,0,0,0,0
2005,FAKE_ARC_2005,Archer,Archer,27,200000,0,0,0,1,1,1,1,1,1,1,1,1,1,1,10,12,0,7,20,0x81,180,1000,500,500,0,0,0,0,0,0,0,0,0,0,0,0,0,0,0,0,0,0,0,0,0,0,0,0,0,0,0,0
2006,FAKE_ACO_2006,Acolyte,Acolyte,35,200000,0,0,0,1,1,1,1,1,1,1,1,1,1,1,10,12,0,7,20,0x81,180,1000,500,500,0,0,0,0,0,0,0,0,0,0,0,0,0,0,0,0,0,0,0,0,0,0,0,0,0,0,0,0
2007,FAKE_ACO_2007,Acolyte,Acolyte,45,200000,0,0,0,1,1,1,1,1,1,1,1,1,1,1,10,12,0,7,20,0x81,180,1000,500,500,0,0,0,0,0,0,0,0,0,0,0,0,0,0,0,0,0,0,0,0,0,0,0,0,0,0,0,0
2011,FAKE_MER_2011,Merchant,Merchant,23,200000,0,0,0,1,1,1,1,1,1,1,1,1,1,1,10,12,0,7,20,0x81,180,1000,500,500,0,0,0,0,0,0,0,0,0,0,0,0,0,0,0,0,0,0,0,0,0,0,0,0,0,0,0,0
2012,FAKE_MER_2012,Merchant,Merchant,40,200000,0,0,0,1,1,1,1,1,1,1,1,1,1,1,10,12,0,7,20,0x81,180,1000,500,500,0,0,0,0,0,0,0,0,0,0,0,0,0,0,0,0,0,0,0,0,0,0,0,0,0,0,0,0
2025,FAKE_MER_2025,Merchant,Merchant,27,200000,0,0,0,1,1,1,1,1,1,1,1,1,1,1,10,12,0,7,20,0x81,180,1000,500,500,0,0,0,0,0,0,0,0,0,0,0,0,0,0,0,0,0,0,0,0,0,0,0,0,0,0,0,0
2028,FAKE_THF_2028,Thief,Thief,54,200000,0,0,0,1,1,1,1,1,1,1,1,1,1,1,10,12,0,7,20,0x81,180,1000,500,500,0,0,0,0,0,0,0,0,0,0,0,0,0,0,0,0,0,0,0,0,0,0,0,0,0,0,0,0
2029,FAKE_THF_2029,Thief,Thief,25,200000,0,0,0,1,1,1,1,1,1,1,1,1,1,1,10,12,0,7,20,0x81,180,1000,500,500,0,0,0,0,0,0,0,0,0,0,0,0,0,0,0,0,0,0,0,0,0,0,0,0,0,0,0,0
2030,FAKE_KNT_2030,Knight,Knight,80,200000,0,0,0,1,1,1,1,1,1,1,1,1,1,1,10,12,0,7,20,0x81,180,1000,500,500,0,0,0,0,0,0,0,0,0,0,0,0,0,0,0,0,0,0,0,0,0,0,0,0,0,0,0,0
2031,FAKE_KNT_2031,Knight,Knight,82,200000,0,0,0,1,1,1,1,1,1,1,1,1,1,1,10,12,0,7,20,0x81,180,1000,500,500,0,0,0,0,0,0,0,0,0,0,0,0,0,0,0,0,0,0,0,0,0,0,0,0,0,0,0,0
2032,FAKE_CRU_2032,Crusader,Crusader,57,200000,0,0,0,1,1,1,1,1,1,1,1,1,1,1,10,12,0,7,20,0x81,180,1000,500,500,0,0,0,0,0,0,0,0,0,0,0,0,0,0,0,0,0,0,0,0,0,0,0,0,0,0,0,0
2033,FAKE_CRU_2033,Crusader,Crusader,59,200000,0,0,0,1,1,1,1,1,1,1,1,1,1,1,10,12,0,7,20,0x81,180,1000,500,500,0,0,0,0,0,0,0,0,0,0,0,0,0,0,0,0,0,0,0,0,0,0,0,0,0,0,0,0
2034,FAKE_PRI_2034,Priest,Priest,85,200000,0,0,0,1,1,1,1,1,1,1,1,1,1,1,10,12,0,7,20,0x81,180,1000,500,500,0,0,0,0,0,0,0,0,0,0,0,0,0,0,0,0,0,0,0,0,0,0,0,0,0,0,0,0
2035,FAKE_PRI_2035,Priest,Priest,62,200000,0,0,0,1,1,1,1,1,1,1,1,1,1,1,10,12,0,7,20,0x81,180,1000,500,500,0,0,0,0,0,0,0,0,0,0,0,0,0,0,0,0,0,0,0,0,0,0,0,0,0,0,0,0
2036,FAKE_WIZ_2036,Wizard,Wizard,74,200000,0,0,0,1,1,1,1,1,1,1,1,1,1,1,10,12,0,7,20,0x81,180,1000,500,500,0,0,0,0,0,0,0,0,0,0,0,0,0,0,0,0,0,0,0,0,0,0,0,0,0,0,0,0
2037,FAKE_WIZ_2037,Wizard,Wizard,99,500000,0,0,0,1,1,1,1,1,1,1,1,1,1,1,10,12,0,7,20,0x81,180,1000,500,500,0,0,0,0,0,0,0,0,0,0,0,0,0,0,0,0,0,0,0,0,0,0,0,0,0,0,0,0
2038,FAKE_BS_2038,Blacksmith,Blacksmith,99,500000,0,0,0,1,1,1,1,1,1,1,1,1,1,1,10,12,0,7,20,0x81,180,1000,500,500,0,0,0,0,0,0,0,0,0,0,0,0,0,0,0,0,0,0,0,0,0,0,0,0,0,0,0,0
2039,FAKE_BS_2039,Blacksmith,Blacksmith,67,200000,0,0,0,1,1,1,1,1,1,1,1,1,1,1,10,12,0,7,20,0x81,180,1000,500,500,0,0,0,0,0,0,0,0,0,0,0,0,0,0,0,0,0,0,0,0,0,0,0,0,0,0,0,0
2040,FAKE_BS_2040,Blacksmith,Blacksmith,98,500000,0,0,0,1,1,1,1,1,1,1,1,1,1,1,10,12,0,7,20,0x81,180,1000,500,500,0,0,0,0,0,0,0,0,0,0,0,0,0,0,0,0,0,0,0,0,0,0,0,0,0,0,0,0
2041,FAKE_HNT_2041,Hunter,Hunter,92,500000,0,0,0,1,1,1,1,1,1,1,1,1,1,1,10,12,0,7,20,0x81,180,1000,500,500,0,0,0,0,0,0,0,0,0,0,0,0,0,0,0,0,0,0,0,0,0,0,0,0,0,0,0,0
2042,FAKE_HNT_2042,Hunter,Hunter,70,200000,0,0,0,1,1,1,1,1,1,1,1,1,1,1,10,12,0,7,20,0x81,180,1000,500,500,0,0,0,0,0,0,0,0,0,0,0,0,0,0,0,0,0,0,0,0,0,0,0,0,0,0,0,0
2043,FAKE_ASN_2043,Assassin,Assassin,87,200000,0,0,0,1,1,1,1,1,1,1,1,1,1,1,10,12,0,7,20,0x81,180,1000,500,500,0,0,0,0,0,0,0,0,0,0,0,0,0,0,0,0,0,0,0,0,0,0,0,0,0,0,0,0
2044,FAKE_ASN_2044,Assassin,Assassin,96,500000,0,0,0,1,1,1,1,1,1,1,1,1,1,1,10,12,0,7,20,0x81,180,1000,500,500,0,0,0,0,0,0,0,0,0,0,0,0,0,0,0,0,0,0,0,0,0,0,0,0,0,0,0,0
2045,FAKE_MONK_2045,Monk,Monk,99,500000,0,0,0,1,1,1,1,1,1,1,1,1,1,1,10,12,0,7,20,0x81,180,1000,500,500,0,0,0,0,0,0,0,0,0,0,0,0,0,0,0,0,0,0,0,0,0,0,0,0,0,0,0,0
2046,FAKE_MONK_2046,Monk,Monk,99,500000,0,0,0,1,1,1,1,1,1,1,1,1,1,1,10,12,0,7,20,0x81,180,1000,500,500,0,0,0,0,0,0,0,0,0,0,0,0,0,0,0,0,0,0,0,0,0,0,0,0,0,0,0,0
2047,FAKE_SAGE_2047,Sage,Sage,68,200000,0,0,0,1,1,1,1,1,1,1,1,1,1,1,10,12,0,7,20,0x81,180,1000,500,500,0,0,0,0,0,0,0,0,0,0,0,0,0,0,0,0,0,0,0,0,0,0,0,0,0,0,0,0
2048,FAKE_SAGE_2048,Sage,Sage,98,500000,0,0,0,1,1,1,1,1,1,1,1,1,1,1,10,12,0,7,20,0x81,180,1000,500,500,0,0,0,0,0,0,0,0,0,0,0,0,0,0,0,0,0,0,0,0,0,0,0,0,0,0,0,0
2049,FAKE_ROG_2049,Rogue,Rogue,59,200000,0,0,0,1,1,1,1,1,1,1,1,1,1,1,10,12,0,7,20,0x81,180,1000,500,500,0,0,0,0,0,0,0,0,0,0,0,0,0,0,0,0,0,0,0,0,0,0,0,0,0,0,0,0
2050,FAKE_ROG_2050,Rogue,Rogue,66,200000,0,0,0,1,1,1,1,1,1,1,1,1,1,1,10,12,0,7,20,0x81,180,1000,500,500,0,0,0,0,0,0,0,0,0,0,0,0,0,0,0,0,0,0,0,0,0,0,0,0,0,0,0,0
2051,FAKE_ALC_2051,Alchemist,Alchemist,81,200000,0,0,0,1,1,1,1,1,1,1,1,1,1,1,10,12,0,7,20,0x81,180,1000,500,500,0,0,0,0,0,0,0,0,0,0,0,0,0,0,0,0,0,0,0,0,0,0,0,0,0,0,0,0
2052,FAKE_ALC_2052,Alchemist,Alchemist,90,500000,0,0,0,1,1,1,1,1,1,1,1,1,1,1,10,12,0,7,20,0x81,180,1000,500,500,0,0,0,0,0,0,0,0,0,0,0,0,0,0,0,0,0,0,0,0,0,0,0,0,0,0,0,0
2053,FAKE_ALC_2053,Alchemist,Alchemist,99,500000,0,0,0,1,1,1,1,1,1,1,1,1,1,1,10,12,0,7,20,0x81,180,1000,500,500,0,0,0,0,0,0,0,0,0,0,0,0,0,0,0,0,0,0,0,0,0,0,0,0,0,0,0,0
2054,FAKE_BRD_2054,Bard,Bard,61,200000,0,0,0,1,1,1,1,1,1,1,1,1,1,1,10,12,0,7,20,0x81,180,1000,500,500,0,0,0,0,0,0,0,0,0,0,0,0,0,0,0,0,0,0,0,0,0,0,0,0,0,0,0,0
2055,FAKE_BRD_2055,Bard,Bard,99,500000,0,0,0,1,1,1,1,1,1,1,1,1,1,1,10,12,0,7,20,0x81,180,1000,500,500,0,0,0,0,0,0,0,0,0,0,0,0,0,0,0,0,0,0,0,0,0,0,0,0,0,0,0,0
2056,FAKE_BRD_2056,Bard,Bard,66,200000,0,0,0,1,1,1,1,1,1,1,1,1,1,1,10,12,0,7,20,0x81,180,1000,500,500,0,0,0,0,0,0,0,0,0,0,0,0,0,0,0,0,0,0,0,0,0,0,0,0,0,0,0,0
2058,FAKE_DNC_2058,Dancer,Dancer,68,200000,0,0,0,1,1,1,1,1,1,1,1,1,1,1,10,12,0,7,20,0x81,180,1000,500,500,0,0,0,0,0,0,0,0,0,0,0,0,0,0,0,0,0,0,0,0,0,0,0,0,0,0,0,0
2059,FAKE_DNC_2059,Dancer,Dancer,99,500000,0,0,0,1,1,1,1,1,1,1,1,1,1,1,10,12,0,7,20,0x81,180,1000,500,500,0,0,0,0,0,0,0,0,0,0,0,0,0,0,0,0,0,0,0,0,0,0,0,0,0,0,0,0
2060,FAKE_DNC_2060,Dancer,Dancer,96,500000,0,0,0,1,1,1,1,1,1,1,1,1,1,1,10,12,0,7,20,0x81,180,1000,500,500,0,0,0,0,0,0,0,0,0,0,0,0,0,0,0,0,0,0,0,0,0,0,0,0,0,0,0,0
2061,FAKE_LK_2061,Lord Knight,Lord Knight,81,200000,0,0,0,1,1,1,1,1,1,1,1,1,1,1,10,12,0,7,20,0x81,180,1000,500,500,0,0,0,0,0,0,0,0,0,0,0,0,0,0,0,0,0,0,0,0,0,0,0,0,0,0,0,0
2062,FAKE_LK_2062,Lord Knight,Lord Knight,96,500000,0,0,0,1,1,1,1,1,1,1,1,1,1,1,10,12,0,7,20,0x81,180,1000,500,500,0,0,0,0,0,0,0,0,0,0,0,0,0,0,0,0,0,0,0,0,0,0,0,0,0,0,0,0
2063,FAKE_LK_2063,Lord Knight,Lord Knight,87,200000,0,0,0,1,1,1,1,1,1,1,1,1,1,1,10,12,0,7,20,0x81,180,1000,500,500,0,0,0,0,0,0,0,0,0,0,0,0,0,0,0,0,0,0,0,0,0,0,0,0,0,0,0,0
2064,FAKE_HP_2064,High Priest,High Priest,87,200000,0,0,0,1,1,1,1,1,1,1,1,1,1,1,10,12,0,7,20,0x81,180,1000,500,500,0,0,0,0,0,0,0,0,0,0,0,0,0,0,0,0,0,0,0,0,0,0,0,0,0,0,0,0
2065,FAKE_HP_2065,High Priest,High Priest,99,500000,0,0,0,1,1,1,1,1,1,1,1,1,1,1,10,12,0,7,20,0x81,180,1000,500,500,0,0,0,0,0,0,0,0,0,0,0,0,0,0,0,0,0,0,0,0,0,0,0,0,0,0,0,0
2066,FAKE_HP_2066,High Priest,High Priest,97,500000,0,0,0,1,1,1,1,1,1,1,1,1,1,1,10,12,0,7,20,0x81,180,1000,500,500,0,0,0,0,0,0,0,0,0,0,0,0,0,0,0,0,0,0,0,0,0,0,0,0,0,0,0,0
2067,FAKE_HW_2067,High Wizard,High Wizard,88,200000,0,0,0,1,1,1,1,1,1,1,1,1,1,1,10,12,0,7,20,0x81,180,1000,500,500,0,0,0,0,0,0,0,0,0,0,0,0,0,0,0,0,0,0,0,0,0,0,0,0,0,0,0,0
2075,FAKE_HW_2075,High Wizard,High Wizard,84,200000,0,0,0,1,1,1,1,1,1,1,1,1,1,1,10,12,0,7,20,0x81,180,1000,500,500,0,0,0,0,0,0,0,0,0,0,0,0,0,0,0,0,0,0,0,0,0,0,0,0,0,0,0,0
2076,FAKE_HW_2076,High Wizard,High Wizard,91,500000,0,0,0,1,1,1,1,1,1,1,1,1,1,1,10,12,0,7,20,0x81,180,1000,500,500,0,0,0,0,0,0,0,0,0,0,0,0,0,0,0,0,0,0,0,0,0,0,0,0,0,0,0,0
2077,FAKE_WS_2077,Whitesmith,Whitesmith,91,500000,0,0,0,1,1,1,1,1,1,1,1,1,1,1,10,12,0,7,20,0x81,180,1000,500,500,0,0,0,0,0,0,0,0,0,0,0,0,0,0,0,0,0,0,0,0,0,0,0,0,0,0,0,0
2078,FAKE_WS_2078,Whitesmith,Whitesmith,99,500000,0,0,0,1,1,1,1,1,1,1,1,1,1,1,10,12,0,7,20,0x81,180,1000,500,500,0,0,0,0,0,0,0,0,0,0,0,0,0,0,0,0,0,0,0,0,0,0,0,0,0,0,0,0
2079,FAKE_WS_2079,Whitesmith,Whitesmith,99,500000,0,0,0,1,1,1,1,1,1,1,1,1,1,1,10,12,0,7,20,0x81,180,1000,500,500,0,0,0,0,0,0,0,0,0,0,0,0,0,0,0,0,0,0,0,0,0,0,0,0,0,0,0,0
2080,FAKE_SNP_2080,Sniper,Sniper,82,200000,0,0,0,1,1,1,1,1,1,1,1,1,1,1,10,12,0,7,20,0x81,180,1000,500,500,0,0,0,0,0,0,0,0,0,0,0,0,0,0,0,0,0,0,0,0,0,0,0,0,0,0,0,0
2083,FAKE_SNP_2083,Sniper,Sniper,81,200000,0,0,0,1,1,1,1,1,1,1,1,1,1,1,10,12,0,7,20,0x81,180,1000,500,500,0,0,0,0,0,0,0,0,0,0,0,0,0,0,0,0,0,0,0,0,0,0,0,0,0,0,0,0
2084,FAKE_AX_2084,Assassin Cross,Assassin Cross,76,200000,0,0,0,1,1,1,1,1,1,1,1,1,1,1,10,12,0,7,20,0x81,180,1000,500,500,0,0,0,0,0,0,0,0,0,0,0,0,0,0,0,0,0,0,0,0,0,0,0,0,0,0,0,0
2085,FAKE_AX_2085,Assassin Cross,Assassin Cross,84,200000,0,0,0,1,1,1,1,1,1,1,1,1,1,1,10,12,0,7,20,0x81,180,1000,500,500,0,0,0,0,0,0,0,0,0,0,0,0,0,0,0,0,0,0,0,0,0,0,0,0,0,0,0,0
2086,FAKE_AX_2086,Assassin Cross,Assassin Cross,87,200000,0,0,0,1,1,1,1,1,1,1,1,1,1,1,10,12,0,7,20,0x81,180,1000,500,500,0,0,0,0,0,0,0,0,0,0,0,0,0,0,0,0,0,0,0,0,0,0,0,0,0,0,0,0
2087,FAKE_PLD_2087,Paladin,Paladin,99,500000,0,0,0,1,1,1,1,1,1,1,1,1,1,1,10,12,0,7,20,0x81,180,1000,500,500,0,0,0,0,0,0,0,0,0,0,0,0,0,0,0,0,0,0,0,0,0,0,0,0,0,0,0,0
2088,FAKE_PLD_2088,Paladin,Paladin,86,200000,0,0,0,1,1,1,1,1,1,1,1,1,1,1,10,12,0,7,20,0x81,180,1000,500,500,0,0,0,0,0,0,0,0,0,0,0,0,0,0,0,0,0,0,0,0,0,0,0,0,0,0,0,0
2089,FAKE_PLD_2089,Paladin,Paladin,99,500000,0,0,0,1,1,1,1,1,1,1,1,1,1,1,10,12,0,7,20,0x81,180,1000,500,500,0,0,0,0,0,0,0,0,0,0,0,0,0,0,0,0,0,0,0,0,0,0,0,0,0,0,0,0
2090,FAKE_CHMP_2090,Champion,Champion,99,500000,0,0,0,1,1,1,1,1,1,1,1,1,1,1,10,12,0,7,20,0x81,180,1000,500,500,0,0,0,0,0,0,0,0,0,0,0,0,0,0,0,0,0,0,0,0,0,0,0,0,0,0,0,0
2091,FAKE_CHMP_2091,Champion,Champion,78,200000,0,0,0,1,1,1,1,1,1,1,1,1,1,1,10,12,0,7,20,0x81,180,1000,500,500,0,0,0,0,0,0,0,0,0,0,0,0,0,0,0,0,0,0,0,0,0,0,0,0,0,0,0,0
2092,FAKE_CHMP_2092,Champion,Champion,94,500000,0,0,0,1,1,1,1,1,1,1,1,1,1,1,10,12,0,7,20,0x81,180,1000,500,500,0,0,0,0,0,0,0,0,0,0,0,0,0,0,0,0,0,0,0,0,0,0,0,0,0,0,0,0
2093,FAKE_SCH_2093,Scholar,Scholar,92,500000,0,0,0,1,1,1,1,1,1,1,1,1,1,1,10,12,0,7,20,0x81,180,1000,500,500,0,0,0,0,0,0,0,0,0,0,0,0,0,0,0,0,0,0,0,0,0,0,0,0,0,0,0,0
2094,FAKE_SCH_2094,Scholar,Scholar,78,200000,0,0,0,1,1,1,1,1,1,1,1,1,1,1,10,12,0,7,20,0x81,180,1000,500,500,0,0,0,0,0,0,0,0,0,0,0,0,0,0,0,0,0,0,0,0,0,0,0,0,0,0,0,0
2095,FAKE_SCH_2095,Scholar,Scholar,79,200000,0,0,0,1,1,1,1,1,1,1,1,1,1,1,10,12,0,7,20,0x81,180,1000,500,500,0,0,0,0,0,0,0,0,0,0,0,0,0,0,0,0,0,0,0,0,0,0,0,0,0,0,0,0
2096,FAKE_STK_2096,Stalker,Stalker,94,500000,0,0,0,1,1,1,1,1,1,1,1,1,1,1,10,12,0,7,20,0x81,180,1000,500,500,0,0,0,0,0,0,0,0,0,0,0,0,0,0,0,0,0,0,0,0,0,0,0,0,0,0,0,0
2097,FAKE_STK_2097,Stalker,Stalker,99,500000,0,0,0,1,1,1,1,1,1,1,1,1,1,1,10,12,0,7,20,0x81,180,1000,500,500,0,0,0,0,0,0,0,0,0,0,0,0,0,0,0,0,0,0,0,0,0,0,0,0,0,0,0,0
2098,FAKE_CRE_2098,Creator,Creator,99,500000,0,0,0,1,1,1,1,1,1,1,1,1,1,1,10,12,0,7,20,0x81,180,1000,500,500,0,0,0,0,0,0,0,0,0,0,0,0,0,0,0,0,0,0,0,0,0,0,0,0,0,0,0,0
2099,FAKE_CRE_2099,Creator,Creator,93,500000,0,0,0,1,1,1,1,1,1,1,1,1,1,1,10,12,0,7,20,0x81,180,1000,500,500,0,0,0,0,0,0,0,0,0,0,0,0,0,0,0,0,0,0,0,0,0,0,0,0,0,0,0,0
2100,FAKE_CRE_2100,Creator,Creator,76,200000,0,0,0,1,1,1,1,1,1,1,1,1,1,1,10,12,0,7,20,0x81,180,1000,500,500,0,0,0,0,0,0,0,0,0,0,0,0,0,0,0,0,0,0,0,0,0,0,0,0,0,0,0,0
2101,FAKE_CLW_2101,Clown,Clown,88,200000,0,0,0,1,1,1,1,1,1,1,1,1,1,1,10,12,0,7,20,0x81,180,1000,500,500,0,0,0,0,0,0,0,0,0,0,0,0,0,0,0,0,0,0,0,0,0,0,0,0,0,0,0,0
2102,FAKE_CLW_2102,Clown,Clown,99,500000,0,0,0,1,1,1,1,1,1,1,1,1,1,1,10,12,0,7,20,0x81,180,1000,500,500,0,0,0,0,0,0,0,0,0,0,0,0,0,0,0,0,0,0,0,0,0,0,0,0,0,0,0,0
2103,FAKE_CLW_2103,Clown,Clown,99,500000,0,0,0,1,1,1,1,1,1,1,1,1,1,1,10,12,0,7,20,0x81,180,1000,500,500,0,0,0,0,0,0,0,0,0,0,0,0,0,0,0,0,0,0,0,0,0,0,0,0,0,0,0,0
2104,FAKE_GYP_2104,Gypsy,Gypsy,90,500000,0,0,0,1,1,1,1,1,1,1,1,1,1,1,10,12,0,7,20,0x81,180,1000,500,500,0,0,0,0,0,0,0,0,0,0,0,0,0,0,0,0,0,0,0,0,0,0,0,0,0,0,0,0
2105,FAKE_GYP_2105,Gypsy,Gypsy,98,500000,0,0,0,1,1,1,1,1,1,1,1,1,1,1,10,12,0,7,20,0x81,180,1000,500,500,0,0,0,0,0,0,0,0,0,0,0,0,0,0,0,0,0,0,0,0,0,0,0,0,0,0,0,0
2106,FAKE_GYP_2106,Gypsy,Gypsy,95,500000,0,0,0,1,1,1,1,1,1,1,1,1,1,1,10,12,0,7,20,0x81,180,1000,500,500,0,0,0,0,0,0,0,0,0,0,0,0,0,0,0,0,0,0,0,0,0,0,0,0,0,0,0,0
2107,FAKE_ALC_2107,Alchemist,Alchemist,89,200000,0,0,0,1,1,1,1,1,1,1,1,1,1,1,10,12,0,7,20,0x81,180,1000,500,500,0,0,0,0,0,0,0,0,0,0,0,0,0,0,0,0,0,0,0,0,0,0,0,0,0,0,0,0
2108,FAKE_ALC_2108,Alchemist,Alchemist,99,500000,0,0,0,1,1,1,1,1,1,1,1,1,1,1,10,12,0,7,20,0x81,180,1000,500,500,0,0,0,0,0,0,0,0,0,0,0,0,0,0,0,0,0,0,0,0,0,0,0,0,0,0,0,0
2109,FAKE_WS_2109,Whitesmith,Whitesmith,80,200000,0,0,0,1,1,1,1,1,1,1,1,1,1,1,10,12,0,7,20,0x81,180,1000,500,500,0,0,0,0,0,0,0,0,0,0,0,0,0,0,0,0,0,0,0,0,0,0,0,0,0,0,0,0
2110,FAKE_WS_2110,Whitesmith,Whitesmith,99,500000,0,0,0,1,1,1,1,1,1,1,1,1,1,1,10,12,0,7,20,0x81,180,1000,500,500,0,0,0,0,0,0,0,0,0,0,0,0,0,0,0,0,0,0,0,0,0,0,0,0,0,0,0,0
2111,FAKE_BS_2111,Blacksmith,Blacksmith,63,200000,0,0,0,1,1,1,1,1,1,1,1,1,1,1,10,12,0,7,20,0x81,180,1000,500,500,0,0,0,0,0,0,0,0,0,0,0,0,0,0,0,0,0,0,0,0,0,0,0,0,0,0,0,0
2112,FAKE_MER_2112,Merchant,Merchant,30,200000,0,0,0,1,1,1,1,1,1,1,1,1,1,1,10,12,0,7,20,0x81,180,1000,500,500,0,0,0,0,0,0,0,0,0,0,0,0,0,0,0,0,0,0,0,0,0,0,0,0,0,0,0,0
2113,FAKE_CRE_2113,Creator,Creator,90,500000,0,0,0,1,1,1,1,1,1,1,1,1,1,1,10,12,0,7,20,0x81,180,1000,500,500,0,0,0,0,0,0,0,0,0,0,0,0,0,0,0,0,0,0,0,0,0,0,0,0,0,0,0,0
2114,FAKE_CRE_2114,Creator,Creator,88,200000,0,0,0,1,1,1,1,1,1,1,1,1,1,1,10,12,0,7,20,0x81,180,1000,500,500,0,0,0,0,0,0,0,0,0,0,0,0,0,0,0,0,0,0,0,0,0,0,0,0,0,0,0,0
2115,FAKE_BS_2115,Blacksmith,Blacksmith,67,200000,0,0,0,1,1,1,1,1,1,1,1,1,1,1,10,12,0,7,20,0x81,180,1000,500,500,0,0,0,0,0,0,0,0,0,0,0,0,0,0,0,0,0,0,0,0,0,0,0,0,0,0,0,0
2116,FAKE_ALC_2116,Alchemist,Alchemist,61,200000,0,0,0,1,1,1,1,1,1,1,1,1,1,1,10,12,0,7,20,0x81,180,1000,500,500,0,0,0,0,0,0,0,0,0,0,0,0,0,0,0,0,0,0,0,0,0,0,0,0,0,0,0,0
2117,FAKE_WS_2117,Whitesmith,Whitesmith,99,500000,0,0,0,1,1,1,1,1,1,1,1,1,1,1,10,12,0,7,20,0x81,180,1000,500,500,0,0,0,0,0,0,0,0,0,0,0,0,0,0,0,0,0,0,0,0,0,0,0,0,0,0,0,0
2118,FAKE_ALC_2118,Alchemist,Alchemist,83,200000,0,0,0,1,1,1,1,1,1,1,1,1,1,1,10,12,0,7,20,0x81,180,1000,500,500,0,0,0,0,0,0,0,0,0,0,0,0,0,0,0,0,0,0,0,0,0,0,0,0,0,0,0,0
2119,FAKE_BS_2119,Blacksmith,Blacksmith,83,200000,0,0,0,1,1,1,1,1,1,1,1,1,1,1,10,12,0,7,20,0x81,180,1000,500,500,0,0,0,0,0,0,0,0,0,0,0,0,0,0,0,0,0,0,0,0,0,0,0,0,0,0,0,0
2120,FAKE_WS_2120,Whitesmith,Whitesmith,99,500000,0,0,0,1,1,1,1,1,1,1,1,1,1,1,10,12,0,7,20,0x81,180,1000,500,500,0,0,0,0,0,0,0,0,0,0,0,0,0,0,0,0,0,0,0,0,0,0,0,0,0,0,0,0
2121,FAKE_MER_2121,Merchant,Merchant,37,200000,0,0,0,1,1,1,1,1,1,1,1,1,1,1,10,12,0,7,20,0x81,180,1000,500,500,0,0,0,0,0,0,0,0,0,0,0,0,0,0,0,0,0,0,0,0,0,0,0,0,0,0,0,0
2122,FAKE_ALC_2122,Alchemist,Alchemist,60,200000,0,0,0,1,1,1,1,1,1,1,1,1,1,1,10,12,0,7,20,0x81,180,1000,500,500,0,0,0,0,0,0,0,0,0,0,0,0,0,0,0,0,0,0,0,0,0,0,0,0,0,0,0,0
2123,FAKE_CRE_2123,Creator,Creator,83,200000,0,0,0,1,1,1,1,1,1,1,1,1,1,1,10,12,0,7,20,0x81,180,1000,500,500,0,0,0,0,0,0,0,0,0,0,0,0,0,0,0,0,0,0,0,0,0,0,0,0,0,0,0,0
2124,FAKE_CRE_2124,Creator,Creator,86,200000,0,0,0,1,1,1,1,1,1,1,1,1,1,1,10,12,0,7,20,0x81,180,1000,500,500,0,0,0,0,0,0,0,0,0,0,0,0,0,0,0,0,0,0,0,0,0,0,0,0,0,0,0,0
2125,FAKE_CRE_2125,Creator,Creator,88,200000,0,0,0,1,1,1,1,1,1,1,1,1,1,1,10,12,0,7,20,0x81,180,1000,500,500,0,0,0,0,0,0,0,0,0,0,0,0,0,0,0,0,0,0,0,0,0,0,0,0,0,0,0,0
2126,FAKE_BS_2126,Blacksmith,Blacksmith,80,200000,0,0,0,1,1,1,1,1,1,1,1,1,1,1,10,12,0,7,20,0x81,180,1000,500,500,0,0,0,0,0,0,0,0,0,0,0,0,0,0,0,0,0,0,0,0,0,0,0,0,0,0,0,0
2127,FAKE_MER_2127,Merchant,Merchant,99,500000,0,0,0,1,1,1,1,1,1,1,1,1,1,1,10,12,0,7,20,0x81,180,1000,500,500,0,0,0,0,0,0,0,0,0,0,0,0,0,0,0,0,0,0,0,0,0,0,0,0,0,0,0,0
2128,FAKE_WS_2128,Whitesmith,Whitesmith,79,200000,0,0,0,1,1,1,1,1,1,1,1,1,1,1,10,12,0,7,20,0x81,180,1000,500,500,0,0,0,0,0,0,0,0,0,0,0,0,0,0,0,0,0,0,0,0,0,0,0,0,0,0,0,0
2129,FAKE_WS_2129,Whitesmith,Whitesmith,89,200000,0,0,0,1,1,1,1,1,1,1,1,1,1,1,10,12,0,7,20,0x81,180,1000,500,500,0,0,0,0,0,0,0,0,0,0,0,0,0,0,0,0,0,0,0,0,0,0,0,0,0,0,0,0
2130,FAKE_WS_2130,Whitesmith,Whitesmith,99,500000,0,0,0,1,1,1,1,1,1,1,1,1,1,1,10,12,0,7,20,0x81,180,1000,500,500,0,0,0,0,0,0,0,0,0,0,0,0,0,0,0,0,0,0,0,0,0,0,0,0,0,0,0,0
2131,FAKE_WS_2131,Whitesmith,Whitesmith,99,500000,0,0,0,1,1,1,1,1,1,1,1,1,1,1,10,12,0,7,20,0x81,180,1000,500,500,0,0,0,0,0,0,0,0,0,0,0,0,0,0,0,0,0,0,0,0,0,0,0,0,0,0,0,0
2132,FAKE_BS_2132,Blacksmith,Blacksmith,61,200000,0,0,0,1,1,1,1,1,1,1,1,1,1,1,10,12,0,7,20,0x81,180,1000,500,500,0,0,0,0,0,0,0,0,0,0,0,0,0,0,0,0,0,0,0,0,0,0,0,0,0,0,0,0
2133,FAKE_BS_2133,Blacksmith,Blacksmith,71,200000,0,0,0,1,1,1,1,1,1,1,1,1,1,1,10,12,0,7,20,0x81,180,1000,500,500,0,0,0,0,0,0,0,0,0,0,0,0,0,0,0,0,0,0,0,0,0,0,0,0,0,0,0,0
2134,FAKE_MER_2134,Merchant,Merchant,32,200000,0,0,0,1,1,1,1,1,1,1,1,1,1,1,10,12,0,7,20,0x81,180,1000,500,500,0,0,0,0,0,0,0,0,0,0,0,0,0,0,0,0,0,0,0,0,0,0,0,0,0,0,0,0
2135,FAKE_WS_2135,Whitesmith,Whitesmith,99,500000,0,0,0,1,1,1,1,1,1,1,1,1,1,1,10,12,0,7,20,0x81,180,1000,500,500,0,0,0,0,0,0,0,0,0,0,0,0,0,0,0,0,0,0,0,0,0,0,0,0,0,0,0,0
2136,FAKE_WS_2136,Whitesmith,Whitesmith,82,200000,0,0,0,1,1,1,1,1,1,1,1,1,1,1,10,12,0,7,20,0x81,180,1000,500,500,0,0,0,0,0,0,0,0,0,0,0,0,0,0,0,0,0,0,0,0,0,0,0,0,0,0,0,0
2137,FAKE_BS_2137,Blacksmith,Blacksmith,62,200000,0,0,0,1,1,1,1,1,1,1,1,1,1,1,10,12,0,7,20,0x81,180,1000,500,500,0,0,0,0,0,0,0,0,0,0,0,0,0,0,0,0,0,0,0,0,0,0,0,0,0,0,0,0
2138,FAKE_CRE_2138,Creator,Creator,76,200000,0,0,0,1,1,1,1,1,1,1,1,1,1,1,10,12,0,7,20,0x81,180,1000,500,500,0,0,0,0,0,0,0,0,0,0,0,0,0,0,0,0,0,0,0,0,0,0,0,0,0,0,0,0
2139,FAKE_BS_2139,Blacksmith,Blacksmith,75,200000,0,0,0,1,1,1,1,1,1,1,1,1,1,1,10,12,0,7,20,0x81,180,1000,500,500,0,0,0,0,0,0,0,0,0,0,0,0,0,0,0,0,0,0,0,0,0,0,0,0,0,0,0,0
2140,FAKE_BS_2140,Blacksmith,Blacksmith,75,200000,0,0,0,1,1,1,1,1,1,1,1,1,1,1,10,12,0,7,20,0x81,180,1000,500,500,0,0,0,0,0,0,0,0,0,0,0,0,0,0,0,0,0,0,0,0,0,0,0,0,0,0,0,0
2141,FAKE_WS_2141,Whitesmith,Whitesmith,81,200000,0,0,0,1,1,1,1,1,1,1,1,1,1,1,10,12,0,7,20,0x81,180,1000,500,500,0,0,0,0,0,0,0,0,0,0,0,0,0,0,0,0,0,0,0,0,0,0,0,0,0,0,0,0
// END FAKE PLAYER MOB DB2 V4
